[6][18] == [0][0]
[6][20] == [0][1]
[6][22] == [0][2]
[6][26] == [0][3]
[6][28] == [0][4]
[6][30] == [0][5]
[6][34] == [0][6]
[6][36] == [0][7]
[6][38] == [0][8]

[7][18] == [1][0]
[7][20] == [1][1]
[7][22] == [1][2]
[7][26] == [1][3]
[7][28] == [1][4]
[7][30] == [1][5]
[7][34] == [1][6]
[7][36] == [1][7]
[7][38] == [1][8]

[8][18] == [2][0]
[8][20] == [2][1]
[8][22] == [2][2]
[8][26] == [2][3]
[8][28] == [2][4]
[8][30] == [2][5]
[8][34] == [2][6]
[8][36] == [2][7]
[8][38] == [2][8]

[10][18] == [3][0]
[10][20] == [3][1]
[10][22] == [3][2]
[10][26] == [3][3]
[10][28] == [3][4]
[10][30] == [3][5]
[10][34] == [3][6]
[10][36] == [3][7]
[10][38] == [3][8]

[11][18] == [4][0]
[11][20] == [4][1]
[11][22] == [4][2]
[11][26] == [4][3]
[11][28] == [4][4]
[11][30] == [4][5]
[11][34] == [4][6]
[11][36] == [4][7]
[11][38] == [4][8]

[12][18] == [5][0]
[12][20] == [5][1]
[12][22] == [5][2]
[12][26] == [5][3]
[12][28] == [5][4]
[12][30] == [5][5]
[12][34] == [5][6]
[12][36] == [5][7]
[12][38] == [5][8]

[14][18] == [6][0]
[14][20] == [6][1]
[14][22] == [6][2]
[14][26] == [6][3]
[14][28] == [6][4]
[14][30] == [6][5]
[14][34] == [6][6]
[14][36] == [6][7]
[14][38] == [6][8]

[15][18] == [7][0]
[15][20] == [7][1]
[15][22] == [7][2]
[15][26] == [7][3]
[15][28] == [7][4]
[15][30] == [7][5]
[15][34] == [7][6]
[15][36] == [7][7]
[15][38] == [7][8]

[16][18] == [8][0]
[16][20] == [8][1]
[16][22] == [8][2]
[16][26] == [8][3]
[16][28] == [8][4]
[16][30] == [8][5]
[16][34] == [8][6]
[16][36] == [8][7]
[16][38] == [8][8]
