2451
56062
65230
12983
18871
8126
15167
46108
46411
14188
36590
35070
34412
61461
40399
31484
37233
62029
28346
29615
12564
59467
65043
13179
16686
50434
12051
52318
4578
64295
26019
7029
54821
25714
20012
8157
33840
35180
54265
14715
49368
25319
49786
18244
21245
24649
49728
58478
21142
12538
22557
33706
6470
22064
46885
23156
6962
58937
9938
11540
57696
35958
18569
46981
61672
38582
55138
29976
8226
43868
44692
57594
3651
28942
10302
24896
53591
60030
17838
9198
7033
40395
42904
13503
62459
24254
36659
3885
17655
46598
15425
9815
17020
33995
56796
13156
7041
46399
43132
15267
24731
22288
7325
28382
51230
17627
53279
39286
12121
5581
48484
19154
45977
25852
32657
42900
50106
3781
46786
2225
50379
62211
12040
1863
30670
3301
15019
37711
49700
58151
52978
8895
14904
60303
37277
598
12394
25020
39884
24516
30602
22832
43670
11043
48685
10792
53943
33255
14573
35193
35481
64952
31869
47521
1279
62539
50822
16298
34715
34986
8913
22157
43881
23817
16925
15623
24416
29319
40643
64300
53835
5709
21597
31970
16752
4746
42762
5160
38001
57335
40353
7946
56751
6686
55468
58030
3690
40754
8792
38405
10205
17705
60562
54086
41523
11951
4173
403
41271
44817
64703
29570
50526
20764
61540
1743
25510
38766
6903
63512
30565
47256
5922
21780
53943
61390
14274
57633
36609
23066
30502
46814
40772
25528
35364
16759
37480
39538
17162
13215
18819
16329
42785
3809
37094
38790
5552
62604
12020
12455
60580
42586
59712
967
64366
48119
62357
13105
40216
33430
36171
5182
14708
11407
30710
50073
28166
2654
24075
45328
15869
42894
61658
58655
46703
33216
31909
52256
30284
43929
64711
25329
20979
58887
26296
19810
41470
23117
32915
16150
56548
3550
21332
5720
14958
52043
55793
43124
54697
14332
22917
5031
57226
19039
63686
38394
52255
30059
25114
17003
8452
24289
42332
29432
17641
3092
49242
59111
26210
16621
9726
17222
20171
31058
22942
35129
17565
13200
12718
6727
27532
35635
11758
19223
54674
9908
57617
41393
39967
17195
58396
48419
41484
35193
12315
59125
38285
61557
52701
64495
12642
62427
16181
32814
27949
39124
2407
45515
52324
15125
52242
14320
50760
64000
33543
39898
8372
25624
15755
48339
42819
8616
31222
18768
43809
43538
12357
16558
39559
65058
15518
52202
61949
31699
19480
24363
5287
21887
4342
57611
37013
56584
6396
22237
55048
39939
62136
63420
28
12355
46223
42847
20971
11909
61615
64780
55447
8437
15803
29471
7959
31321
16137
4373
63020
35617
28736
2772
57504
33078
60383
28981
24126
1243
51219
13638
41183
47819
11522
41211
60174
57745
18522
15610
4118
14602
14854
59566
23039
30657
23501
30998
61978
39638
35371
59463
9719
64107
62235
1687
31649
57082
30669
55775
58326
16352
3877
33973
64171
15399
9648
58809
7608
28170
8883
11727
42772
23738
5757
275
54395
29258
31274
50838
3360
1109
44765
13079
65217
41464
14766
31330
33010
45435
21570
25800
61787
25447
59773
60422
40847
3885
53696
48455
32056
62579
60182
9292
20781
403
9568
9641
29661
40842
60479
33021
41951
39708
46100
41632
15636
60867
7427
48646
40766
28997
8911
37018
54444
3148
31904
29755
7034
20064
12675
39090
17108
7321
48382
37889
7725
57950
47530
37386
33256
42473
4872
9672
16645
50972
51304
32281
46303
58731
15392
21534
22192
24303
58552
11101
27451
24920
40856
34485
44985
53531
8039
62093
60853
56422
34446
3042
48836
16441
40428
16557
58914
45300
26229
10024
30737
11997
42305
11504
5193
57697
33038
27385
16464
26054
38486
43916
50975
13807
12865
30424
1802
20905
26981
62655
11791
61427
161
60627
12332
40590
11648
5711
20354
37877
15735
51091
49875
58040
62596
55068
50202
30098
16917
1130
56153
55404
45046
41592
3675
57912
6480
5477
13281
33461
2597
25072
29352
2758
20163
41685
43348
31812
47396
63703
4153
63131
49258
54028
55635
46318
43560
40301
10881
60478
41432
1498
50346
20942
43090
54021
13318
49570
59498
26599
17495
62095
51671
46847
64854
6299
22996
42666
38111
4856
40833
42264
2451
24556
30757
58087
5338
8781
32852
16219
3723
8748
17717
54069
29691
60807
42554
43009
44841
36517
4073
62336
33076
55744
43648
32394
62043
1108
9525
34618
5965
50358
11347
8416
9378
42104
967
14717
50885
33820
30936
54609
42568
48654
43142
6723
43925
20161
49733
23231
56678
53806
20031
24218
44014
63679
56613
40522
64788
602
9604
5217
50960
20951
13633
60339
63055
14601
9520
48405
48421
40456
37478
25453
23574
15084
32177
1964
35245
16374
25195
26387
4644
45226
50606
48658
43370
41683
23644
42622
42285
33249
47839
27709
54200
61472
22512
51720
10537
32032
34589
58958
6953
6531
18876
30527
21615
51053
32491
56861
1891
57686
17712
6535
37377
2782
55193
15211
44465
13302
57833
21214
46551
40136
48924
35215
36072
5900
21399
46610
37933
55988
40032
44886
62519
58908
9877
18599
44425
42369
9924
46316
34519
27636
52851
6360
30419
42509
21571
9348
55811
13868
30563
36826
54004
13951
6505
24541
19851
27905
5615
57784
18357
45647
37134
15341
39020
47012
33940
17909
23845
43864
64226
58364
5964
51541
64725
36383
28514
20760
45732
18789
34629
10759
55615
23097
24710
62121
47638
44561
24490
53253
36810
42847
33365
8408
58188
6849
55420
26592
24758
13729
4920
23448
6558
10885
9454
5747
47268
37968
26507
27464
56758
61136
38223
46837
18698
62933
43422
800
41959
2376
54054
13233
45224
21883
21641
37876
28732
11526
64469
53490
25255
3853
11403
31813
14738
20857
37560
62007
58825
64068
23935
50047
59668
62159
31349
12830
59556
9235
13631
35979
11612
2149
49212
56836
24032
5318
29176
52764
16844
28109
40718
42099
31963
52121
8377
46701
7442
45937
43172
732
44469
1572
50779
38602
63731
16592
51432
57751
25828
65063
28195
37440
1676
11871
28740
25708
17189
57916
12936
34033
20490
53655
10597
52453
40240
18974
33618
47683
64911
11255
48415
43845
12827
33658
16911
11022
50251
2807
3237
10543
2335
31432
47983
4011
43304
11187
29720
60493
3567
42656
28991
24057
30775
39588
10974
5480
58562
44593
53163
57937
55848
36042
36246
3139
4164
53157
14161
54415
55965
17398
64958
58300
48831
47405
62311
26599
58592
26495
21556
62160
3616
50547
20681
34391
24599
31656
39871
17625
10713
27498
10027
1025
63540
46273
4164
2169
33895
18325
56584
24324
35723
56007
